4.046500 -2.519600
4.032100 -2.555500
4.137500 -2.575000
4.236500 -2.615900
4.325000 -2.676500
4.398800 -2.754200
4.454900 -2.845600
4.490800 -2.946600
4.504900 -3.052900
4.496600 -3.159700
4.466200 -3.262600
4.396000 -3.411600
4.362300 -3.505800
4.178700 -3.891500
4.485700 -3.913000
4.639300 -3.750000
4.653900 -3.741800
4.751900 -3.715400
4.848600 -3.710700
4.944200 -3.726300
5.034400 -3.761400
5.115300 -3.814400
5.183500 -3.883200
5.245800 -3.988900
5.265500 -4.266800
5.556300 -4.541800
5.551700 -4.068100
5.560900 -3.987900
5.562100 -3.828100
5.578700 -3.725800
5.611100 -3.627400
5.658400 -3.535300
5.719600 -3.451700
5.793100 -3.378700
5.877200 -3.318100
5.969600 -3.271400
6.068300 -3.239800
6.170600 -3.223900
6.274200 -3.224300
6.345400 -3.162300
6.272100 -3.058100
7.287700 -2.271500
7.901900 -1.343200
8.301900 -0.435740
8.270800 -0.435600
8.258300 -0.273900
8.268800 -0.111900
8.274800 0.000000
8.281700 0.212600
8.283100 0.375000
8.281100 0.537300
8.275800 0.699600
8.267300 0.861800
8.255400 1.023700
8.240300 1.185400
8.221900 1.346700
8.201400 1.507800
8.204600 1.669800
8.246200 1.663700
7.879300 2.454200
7.387200 3.157800
6.571600 3.872600
5.748800 4.530800
4.976000 4.675300
4.307400 4.299300
4.046500 3.621300
4.046500 -2.519600
