51
4.046500 -2.519600 1
4.496600 -3.159700 2
4.178700 -3.891500 3
5.556300 -4.541800 4
5.578700 -3.725800 5
6.274200 -3.224300 6
8.301900 -0.435740 7
5.183500 -3.883200 8
8.246200 1.663700 9
4.2 4.299300 10 orig: 4.307400 4.299300
5.748800 4.530800 11
4.046500 1.997500 12
5.265500 -4.266800 13
4.046500 -0.435740 14
4.485700 -3.913000 15
4.751900 -3.715400 16
8.267300 0.861800 17
4.046500 1.023700 18
5.793100 -3.378700 19
5.034400 -3.761400 20
5.19           -3.25  21
5.5 -2.07195  22
4.398800 -2.754200 23
5.4       2. 24
5.1           -3.4418 25
5.35 -2.9 26
4.362300 -3.505800 27
5.556      -4.13 28
4.04650015831        -1.4776699543 29
5.6                            -1.5 30
4.04650015831          0.2939800024033 31
6.162574958801        0.2939800024033 32
8.278649759293        0.2939800024033 33
4.04650015831          1.510599970818 34
6.056925010681        1.624774992466 35
7.387200 3.157800 36
5.45242 3.3636             37
5.6       1.023699998856  38
5.6         -0.4357399940491 39
4.976000 4.675300 40
4.046500 3.621300 41
8.204600 1.669800 42
7.287700  -2.271500  43
4.325        -3.9            44
4.639300 -3.750000   45
5.25565   -4.12785 46
5.405       -4.4             47
4.7   -3.4       48
5.3811     -3.8       49
4.52092    -3.5916       50
5.4    -4.1     51
11 9 12 10  36 24 41 40 37
2 16 15 3    48 45 44 27 50
5 8 16 2      49 20 48 21 25
5 4 13 8      28 47 46 49 51
6 5 2 1        19 21 23 22 26
7 6 1 14      43 22 29 39 30
9 7 14 12    17 39 18 24 38
