4.046500 -2.519600 1
4.362300 -3.505800 2
4.178700 -3.891500 3
5.556300 -4.541800 4
5.551700 -4.068100 5
6.274200 -3.224300 6
8.301900 -0.435740 7
8.255400 1.023700 8
7.879300 2.454200 9
4.976000 4.675300 10
4.046500 3.621300 11
4.046500 1.997500 12
4.046500 1.023700 13
4.046500 -0.435740 14
4.307400 4.299300 15
6.571600 3.872600 16
8.204600 1.669800 17
7.287700 -2.271500 18
5.611100 -3.627400 19
5.034400 -3.761400 20
5.137000 -3.51695  21
5.360350 -2.17195  22
4.398800 -2.754200 23
5.9629   2.22585 24
5.09225  -3.6418 25
5.158675 -2.72945 26
5 4 3 2 -1 20 -1 21 25
6 5 2 1 19 21 23 22 26
7 6 1 14 18 22 -1 -1 -1
8 7 14 13 -1 -1 -1 -1 -1
9 8 13 12 17 -1 -1 24 -1
10 9 12 11 16 24 -1 15 -1
